<svg xmlns="http://www.w3.org/2000/svg">
  <symbol id="phone" viewBox="0 0 12 12">
    <path d = "M 11.9741 9.29781 C 11.9401 9.19554 11.7242 9.04488 11.3264 8.84619 C 11.2186 8.78357 11.0651 8.69846 10.8664 8.59049 C 10.6675 8.48252 10.487 8.38303 10.3252 8.2921 C 10.163 8.20121 10.0111 8.11314 9.86919 8.02804 C 9.8465 8.011 9.77548 7.96135 9.65617 7.87879 C 9.53674 7.79646 9.43602 7.73535 9.35348 7.6955 C 9.27112 7.65589 9.19011 7.63595 9.11056 7.63595 C 8.99694 7.63595 8.85503 7.71696 8.68464 7.87879 C 8.51425 8.04082 8.35795 8.21682 8.21598 8.40733 C 8.07398 8.59775 7.92339 8.77375 7.76446 8.93569 C 7.60529 9.09769 7.47452 9.17861 7.37237 9.17861 C 7.32108 9.17861 7.25714 9.16432 7.18052 9.13611 C 7.10392 9.10772 7.04565 9.08339 7.00565 9.06378 C 6.96601 9.04375 6.89798 9.00411 6.80132 8.94425 C 6.70449 8.88458 6.65063 8.8519 6.63929 8.84619 C 5.86093 8.41428 5.19337 7.91995 4.63651 7.36332 C 4.07982 6.80636 3.58543 6.13887 3.15363 5.36041 C 3.14796 5.34904 3.11521 5.29504 3.0556 5.1985 C 2.9959 5.10188 2.95611 5.03379 2.93623 4.99391 C 2.91635 4.95417 2.8922 4.89591 2.86384 4.81922 C 2.83548 4.74253 2.82124 4.67865 2.82124 4.62746 C 2.82124 4.52525 2.90223 4.3945 3.06417 4.23539 C 3.22608 4.07638 3.40226 3.92575 3.59253 3.78381 C 3.78295 3.64187 3.95895 3.48557 4.12092 3.31518 C 4.28283 3.1447 4.36379 3.00273 4.36379 2.88912 C 4.36379 2.80963 4.34391 2.72858 4.30418 2.64622 C 4.26441 2.56368 4.20334 2.46297 4.12092 2.34359 C 4.03847 2.22428 3.98877 2.15332 3.9717 2.13049 C 3.88656 1.98855 3.79859 1.83658 3.70758 1.67464 C 3.61656 1.51272 3.51722 1.33225 3.40922 1.13341 C 3.30131 0.934661 3.21614 0.781198 3.15357 0.673257 C 2.95483 0.275613 2.80429 0.0596122 2.70199 0.0256419 C 2.6622 0.00859706 2.6025 0 2.52303 0 C 2.36954 0 2.1693 0.0283583 1.92216 0.0852542 C 1.67494 0.14206 1.4804 0.201643 1.33834 0.26424 C 1.05425 0.383494 0.753144 0.730063 0.434934 1.30383 C 0.145171 1.8378 0.000305176 2.36631 0.000305176 2.88897 C 0.000305176 3.04225 0.0102455 3.19139 0.0301262 3.3364 C 0.0500069 3.48127 0.0855294 3.64465 0.136724 3.8265 C 0.187828 4.00829 0.229052 4.14333 0.260217 4.23127 C 0.291411 4.31928 0.34965 4.47692 0.434904 4.70426 C 0.520039 4.93155 0.571233 5.07068 0.588278 5.12182 C 0.787115 5.67866 1.02291 6.17576 1.29559 6.61329 C 1.74425 7.34051 2.35652 8.09207 3.13205 8.86766 C 3.90761 9.64318 4.65901 10.2554 5.3863 10.7043 C 5.82376 10.9769 6.32105 11.2127 6.8778 11.4117 C 6.92896 11.4286 7.0681 11.4797 7.29529 11.5651 C 7.52258 11.6503 7.68028 11.7086 7.76828 11.7398 C 7.85631 11.7711 7.99139 11.8124 8.17303 11.8636 C 8.35506 11.9147 8.51828 11.9503 8.66315 11.9703 C 8.80811 11.9899 8.95727 12 9.11059 12 C 9.63321 12 10.1618 11.8551 10.6958 11.5653 C 11.2695 11.2473 11.616 10.9461 11.7353 10.6618 C 11.7981 10.5199 11.8575 10.3253 11.9143 10.0781 C 11.9713 9.83095 11.9996 9.63073 11.9996 9.47727 C 11.9998 9.39748 11.9912 9.33793 11.9741 9.29781 Z">
  </symbol>
</svg>

<svg xmlns="http://www.w3.org/2000/svg">
  <symbol id="vk" viewBox="0 0 30 30">
    <path d = "M 15 0 C 6.71779 0 0 6.71779 0 15 C 0 23.2822 6.71779 30 15 30 C 23.2822 30 30 23.2822 30 15 C 30 6.71779 23.2822 0 15 0 Z M 22.6074 16.6258 C 23.3129 17.3006 24.0491 17.9448 24.6626 18.7117 C 24.9387 19.0491 25.2147 19.3865 25.3988 19.7853 C 25.6748 20.3374 25.4294 20.9509 24.9387 20.9816 H 21.8712 C 21.0736 21.0429 20.4601 20.7362 19.908 20.184 C 19.4785 19.7546 19.0798 19.2945 18.681 18.8344 C 18.5276 18.6503 18.3436 18.4663 18.1288 18.3436 C 17.6994 18.0675 17.3313 18.1595 17.1166 18.589 C 16.8712 19.0491 16.8098 19.5399 16.7791 20.0307 C 16.7485 20.7669 16.5337 20.9509 15.7975 20.9816 C 14.2331 21.0429 12.7607 20.8282 11.411 20.0307 C 10.2147 19.3252 9.2638 18.3742 8.46626 17.2699 C 6.87117 15.1227 5.67485 12.7607 4.57055 10.3374 C 4.32515 9.78528 4.5092 9.5092 5.1227 9.47853 C 6.13497 9.44785 7.11656 9.44785 8.12883 9.47853 C 8.52761 9.47853 8.80368 9.72393 8.95706 10.092 C 9.5092 11.411 10.1534 12.6994 10.9816 13.865 C 11.1963 14.1718 11.4417 14.4785 11.7485 14.7239 C 12.1166 14.9693 12.362 14.8773 12.546 14.4785 C 12.638 14.2331 12.6994 13.9571 12.7301 13.681 C 12.8221 12.7607 12.8221 11.8405 12.6687 10.9202 C 12.5767 10.3067 12.2699 9.93865 11.6871 9.81595 C 11.3804 9.7546 11.4417 9.66258 11.5644 9.47853 C 11.8098 9.20245 12.0552 9.0184 12.5153 9.0184 H 15.9816 C 16.5337 9.1411 16.6564 9.35583 16.7178 9.90797 V 13.773 C 16.7178 13.9877 16.8098 14.6319 17.2086 14.7546 C 17.5153 14.8466 17.7301 14.6012 17.9141 14.4172 C 18.7423 13.5276 19.3252 12.4847 19.8773 11.411 C 20.1227 10.9202 20.3067 10.4294 20.5215 9.93865 C 20.6748 9.57055 20.8896 9.3865 21.319 9.3865 H 24.6626 C 24.7546 9.3865 24.8466 9.3865 24.9693 9.41718 C 25.5215 9.5092 25.6748 9.7546 25.5215 10.3067 C 25.2454 11.1656 24.7239 11.9018 24.2025 12.6074 C 23.6503 13.3742 23.0368 14.1104 22.4847 14.908 C 21.9325 15.6442 21.9632 16.0123 22.6074 16.6258 Z">
  </symbol>
</svg>

<svg xmlns="http://www.w3.org/2000/svg">
  <symbol id="fb" viewBox="0 0 30 30">
    <path d="M17.4199 29.8066C17.2969 29.8242 17.168 29.8477 17.0449 29.8652C17.168 29.8418 17.291 29.8242 17.4199 29.8066Z">
    <path d="M17.7187 29.7539C17.6602 29.7656 17.6016 29.7773 17.5371 29.7832C17.6016 29.7773 17.6602 29.7656 17.7187 29.7539Z">
    <path d="M16.7051 29.9004C16.5586 29.918 16.4121 29.9297 16.2656 29.9414C16.4121 29.9355 16.5586 29.918 16.7051 29.9004Z">
    <path d="M16.998 29.8652C16.9277 29.877 16.8574 29.8828 16.7871 29.8887C16.8516 29.8828 16.9277 29.877 16.998 29.8652Z">
    <path d="M18.1289 29.6719C18.0762 29.6836 18.0234 29.6953 17.9707 29.707C18.0234 29.6953 18.0762 29.6836 18.1289 29.6719Z">
    <path d="M19.1426 29.4199C19.1016 29.4316 19.0547 29.4434 19.0137 29.4551C19.0547 29.4434 19.0957 29.4316 19.1426 29.4199Z">
    <path d="M18.832 29.502C18.7852 29.5137 18.7383 29.5254 18.6914 29.5371C18.7441 29.5313 18.7852 29.5195 18.832 29.502Z">
    <path d="M18.4336 29.6074C18.3867 29.6191 18.334 29.6309 18.2871 29.6426C18.334 29.625 18.3867 29.6133 18.4336 29.6074Z">
    <path d="M16.2598 29.9473C16.1836 29.9531 16.1016 29.959 16.0254 29.9648C16.1016 29.959 16.1836 29.9531 16.2598 29.9473Z">
    <path d="M30 15C30 6.71484 23.2852 0 15 0C6.71484 0 0 6.71484 0 15C0 23.2852 6.71484 30 15 30C15.0879 30 15.1758 30 15.2637 29.9941V18.3223H12.041V14.5664H15.2637V11.8008C15.2637 8.5957 17.2207 6.84961 20.0801 6.84961C21.4512 6.84961 22.6289 6.94922 22.9688 6.99609V10.3477H21C19.4473 10.3477 19.1426 11.0859 19.1426 12.1699V14.5605H22.8633L22.377 18.3164H19.1426V29.4199C25.4121 27.6211 30 21.8496 30 15 Z">
    <path d="M15.9902 29.9648C15.832 29.9766 15.6797 29.9824 15.5215 29.9883C15.6797 29.9824 15.832 29.9766 15.9902 29.9648Z">
    <path d="M15.5156 29.9883C15.4336 29.9883 15.3516 29.9941 15.2695 29.9941C15.3457 29.9941 15.4277 29.9941 15.5156 29.9883Z">
  </symbol>
</svg>


<svg xmlns="http://www.w3.org/2000/svg">
  <symbol id="in" viewBox="0 0 30 30">
    <path d="M17.8711 15C17.8711 16.5879 16.5879 17.8711 15 17.8711C13.4121 17.8711 12.1289 16.5879 12.1289 15C12.1289 13.4121 13.4121 12.1289 15 12.1289C16.5879 12.1289 17.8711 13.4121 17.8711 15Z"/>
    <path d="M21.7148 9.91992C21.5742 9.54492 21.3574 9.20508 21.0703 8.92969C20.7949 8.64258 20.4551 8.42578 20.0801 8.28516C19.7754 8.16797 19.3184 8.02734 18.4805 7.98633C17.5723 7.94531 17.2969 7.93359 15 7.93359C12.6973 7.93359 12.4277 7.93945 11.5195 7.98633C10.6816 8.02734 10.2246 8.16797 9.91992 8.28516C9.54492 8.42578 9.20508 8.64258 8.92969 8.92969C8.64258 9.20508 8.42578 9.54492 8.28516 9.91992C8.16797 10.2246 8.02734 10.6816 7.98633 11.5195C7.94531 12.4277 7.93359 12.6973 7.93359 15C7.93359 17.2969 7.94531 17.5723 7.98633 18.4805C8.02734 19.3184 8.16211 19.7754 8.28516 20.0801C8.42578 20.4551 8.64258 20.7949 8.92969 21.0703C9.20508 21.3574 9.54492 21.5742 9.91992 21.7148C10.2246 21.832 10.6816 21.9727 11.5195 22.0137C12.4277 22.0547 12.6973 22.0664 15 22.0664C17.3027 22.0664 17.5723 22.0605 18.4805 22.0137C19.3184 21.9727 19.7754 21.8379 20.0801 21.7148C20.8301 21.4277 21.4277 20.8301 21.7148 20.0801C21.832 19.7754 21.9727 19.3184 22.0137 18.4805C22.0547 17.5723 22.0664 17.2969 22.0664 15C22.0664 12.6973 22.0605 12.4277 22.0137 11.5195C21.9727 10.6816 21.832 10.2246 21.7148 9.91992ZM15 19.4238C12.5566 19.4238 10.5762 17.4434 10.5762 15C10.5762 12.5566 12.5566 10.5762 15 10.5762C17.4434 10.5762 19.4238 12.5566 19.4238 15C19.4238 17.4434 17.4434 19.4238 15 19.4238ZM19.5996 11.4375C19.0313 11.4375 18.5684 10.9746 18.5684 10.4063C18.5684 9.83789 19.0313 9.375 19.5996 9.375C20.168 9.375 20.6309 9.83789 20.6309 10.4063C20.6309 10.9746 20.168 11.4375 19.5996 11.4375 Z">
    <path d="M15 0C6.71484 0 0 6.71484 0 15C0 23.2852 6.71484 30 15 30C23.2852 30 30 23.2852 30 15C30 6.71484 23.2852 0 15 0ZM23.5605 18.5508C23.5195 19.4648 23.373 20.0918 23.1621 20.6426C22.7168 21.7969 21.8027 22.7168 20.6426 23.1621C20.0977 23.373 19.4707 23.5195 18.5508 23.5605C17.6309 23.6016 17.3379 23.6133 15 23.6133C12.6621 23.6133 12.3691 23.6016 11.4492 23.5605C10.5352 23.5195 9.9082 23.373 9.35742 23.1621C8.7832 22.9453 8.26172 22.6055 7.83398 22.166C7.39453 21.7383 7.05469 21.2168 6.83789 20.6426C6.62695 20.0977 6.48047 19.4707 6.43945 18.5508C6.39844 17.6309 6.38672 17.3379 6.38672 15C6.38672 12.6621 6.39844 12.3691 6.43945 11.4492C6.48047 10.5352 6.62695 9.9082 6.83789 9.35742C7.05469 8.7832 7.39453 8.26172 7.83398 7.83398C8.26172 7.39453 8.7832 7.05469 9.35742 6.83789C9.9082 6.62695 10.5293 6.48047 11.4492 6.43945C12.3691 6.39844 12.6621 6.38672 15 6.38672C17.3379 6.38672 17.6309 6.39844 18.5508 6.43945C19.4648 6.48047 20.0918 6.62695 20.6426 6.83789C21.2168 7.05469 21.7383 7.39453 22.166 7.83398C22.6055 8.26172 22.9453 8.7832 23.1621 9.35742C23.373 9.9082 23.5195 10.5293 23.5605 11.4492C23.6016 12.3691 23.6133 12.6621 23.6133 15C23.6133 17.3379 23.6016 17.6309 23.5605 18.5508 Z">
  </symbol>
</svg>

<svg xmlns="http://www.w3.org/2000/svg">
  <symbol id="tg" viewBox="0 0 30 30">
    <path d="M15 30C23.2852 30 30 23.2852 30 15C30 6.71484 23.2852 0 15 0C6.71484 0 0 6.71484 0 15C0 23.2852 6.71484 30 15 30ZM6.86133 14.6777L21.3281 9.09961C22.002 8.85938 22.5879 9.26367 22.3652 10.2773L19.9043 21.8789C19.7227 22.6992 19.2305 22.9043 18.5508 22.5117L14.8008 19.7461L12.9902 21.4863C12.791 21.6855 12.6211 21.8555 12.2344 21.8555L12.498 18.041L19.4531 11.7656C19.7578 11.502 19.3828 11.3496 18.9844 11.6133L10.3945 17.0215L6.69141 15.8672C5.88867 15.6094 5.87109 15.0645 6.86133 14.6777 Z">
  </symbol>
</svg>